dim_t = self.temperature ** (2 * (dim_t // 2) / self.num_pos_feats)
{'pred_obj_logits': tensor([[[ 0.7280, -0.1089, -0.4676,  ...,  0.5496, -0.0909,  0.5796],
         [ 0.6943,  0.1656, -0.2414,  ...,  0.6466, -0.6511,  1.1160],
         [ 1.0061,  0.1419, -0.3228,  ...,  0.6960, -0.7641,  0.9577],
         ...,
         [ 0.1869,  0.4744, -0.3042,  ...,  1.0480, -0.1426,  1.0892],
         [ 1.2682,  0.3375, -0.6336,  ...,  0.7155, -0.1190,  1.0236],
         [ 0.6097,  0.0278,  0.1078,  ...,  0.9994,  0.1881,  0.8876]]],
       grad_fn=<SelectBackward0>), 'pred_verb_logits': tensor([[[-0.3178, -0.0909, -0.4271,  ...,  0.2754,  0.0666,  1.2448],
         [ 0.0110,  0.4108, -0.0051,  ...,  0.2531,  0.0714,  0.8225],
         [-0.0022,  0.3512,  0.2087,  ...,  0.3214, -0.0184,  1.2549],
         ...,
         [-0.1767,  0.4118, -0.1001,  ..., -0.1022, -0.3203,  1.2139],
         [-0.2433,  0.3933, -0.4062,  ...,  0.3936,  0.1353,  1.1126],
         [ 0.0834,  0.4822, -0.2995,  ...,  0.5084, -0.2016,  1.1297]]],
       grad_fn=<SelectBackward0>), 'pred_sub_boxes': tensor([[[0.5021, 0.5105, 0.5086, 0.5165],
         [0.5240, 0.5115, 0.5265, 0.5247],
         [0.5154, 0.5057, 0.5267, 0.5198],
         [0.5166, 0.5056, 0.5148, 0.5166],
         [0.5317, 0.4921, 0.5248, 0.5093],
         [0.5189, 0.5194, 0.5072, 0.5080],
         [0.5291, 0.4987, 0.5511, 0.5149],
         [0.5150, 0.4986, 0.5098, 0.4991],
         [0.5290, 0.5172, 0.5203, 0.5262],
         [0.5039, 0.5215, 0.5128, 0.5174],
         [0.5233, 0.4897, 0.5127, 0.5260],
         [0.5133, 0.5206, 0.5082, 0.5205],
         [0.5299, 0.5088, 0.5102, 0.5270],
         [0.4952, 0.4848, 0.5190, 0.5234],
         [0.5294, 0.4963, 0.5243, 0.5037],
         [0.5239, 0.4813, 0.5206, 0.5262],
         [0.5176, 0.4963, 0.5139, 0.5389],
         [0.5178, 0.5140, 0.5177, 0.5269],
         [0.5142, 0.5182, 0.5170, 0.5190],
         [0.5327, 0.4992, 0.5169, 0.5209],
         [0.5046, 0.5140, 0.5118, 0.5169],
         [0.5202, 0.5198, 0.5134, 0.5073],
         [0.5229, 0.5054, 0.5271, 0.5227],
         [0.5192, 0.4919, 0.4979, 0.5220],
         [0.5151, 0.5084, 0.5187, 0.5246],
         [0.5176, 0.5118, 0.5199, 0.5155],
         [0.5170, 0.5088, 0.5277, 0.5297],
         [0.5199, 0.4971, 0.5175, 0.5137],
         [0.5229, 0.4987, 0.5223, 0.5048],
         [0.5139, 0.5003, 0.5158, 0.5100],
         [0.5211, 0.5203, 0.5089, 0.5146],
         [0.5056, 0.5046, 0.5123, 0.5234],
         [0.5169, 0.5112, 0.5123, 0.5090],
         [0.5138, 0.5169, 0.5194, 0.5199],
         [0.4977, 0.5044, 0.5255, 0.5207],
         [0.5184, 0.5095, 0.5399, 0.5099],
         [0.5076, 0.4967, 0.5165, 0.5250],
         [0.5124, 0.5032, 0.5113, 0.5159],
         [0.5016, 0.4867, 0.5211, 0.5307],
         [0.4982, 0.5165, 0.5072, 0.5199],
         [0.5270, 0.5135, 0.5277, 0.5234],
         [0.5107, 0.4996, 0.5131, 0.5126],
         [0.4987, 0.5056, 0.5039, 0.5143],
         [0.5255, 0.5126, 0.5145, 0.5061],
         [0.5156, 0.4869, 0.5265, 0.5264],
         [0.5249, 0.5092, 0.5075, 0.5150],
         [0.5246, 0.5137, 0.5165, 0.5230],
         [0.5039, 0.4952, 0.5141, 0.5105],
         [0.5222, 0.5113, 0.5302, 0.5175],
         [0.5289, 0.5006, 0.5152, 0.5065],
         [0.5267, 0.5051, 0.5292, 0.5000],
         [0.5145, 0.4958, 0.5192, 0.5027],
         [0.5227, 0.5026, 0.5163, 0.5099],
         [0.5254, 0.5257, 0.5137, 0.5128],
         [0.5095, 0.5083, 0.5089, 0.5088],
         [0.5327, 0.5024, 0.5088, 0.5168],
         [0.5304, 0.4943, 0.5088, 0.5222],
         [0.4997, 0.5009, 0.5202, 0.5193],
         [0.5140, 0.5128, 0.5112, 0.5241],
         [0.5184, 0.5138, 0.5351, 0.5264],
         [0.5022, 0.4969, 0.5306, 0.5127],
         [0.5308, 0.5160, 0.5358, 0.5106],
         [0.5029, 0.5060, 0.5108, 0.5233],
         [0.5101, 0.4828, 0.5271, 0.5206],
         [0.5204, 0.4953, 0.5274, 0.5239],
         [0.5129, 0.4960, 0.5242, 0.5341],
         [0.5175, 0.5068, 0.5176, 0.5114],
         [0.5097, 0.4942, 0.5133, 0.5236],
         [0.5071, 0.5071, 0.5171, 0.5125],
         [0.5113, 0.4946, 0.5210, 0.5000],
         [0.5016, 0.4945, 0.5266, 0.5154],
         [0.5059, 0.5095, 0.5074, 0.5165],
         [0.5314, 0.4743, 0.5183, 0.5126],
         [0.5087, 0.5028, 0.5123, 0.5160],
         [0.5045, 0.5184, 0.5223, 0.5200],
         [0.5226, 0.5140, 0.5133, 0.4992],
         [0.5059, 0.4945, 0.5132, 0.5001],
         [0.5250, 0.4876, 0.5013, 0.5106],
         [0.5144, 0.5115, 0.5085, 0.5107],
         [0.5150, 0.5028, 0.5256, 0.5103],
         [0.5062, 0.4968, 0.5181, 0.5170],
         [0.5133, 0.4939, 0.5424, 0.5229],
         [0.5121, 0.5052, 0.5170, 0.5247],
         [0.5151, 0.5132, 0.5302, 0.5214],
         [0.5237, 0.4964, 0.5112, 0.5117],
         [0.5120, 0.5098, 0.5188, 0.5155],
         [0.5194, 0.5040, 0.5189, 0.5153],
         [0.5094, 0.5122, 0.5212, 0.5224],
         [0.5137, 0.5032, 0.5203, 0.5263],
         [0.5048, 0.4999, 0.5169, 0.5092],
         [0.5147, 0.5101, 0.5269, 0.4967],
         [0.5254, 0.5039, 0.5170, 0.5066],
         [0.5190, 0.4884, 0.5122, 0.5068],
         [0.5284, 0.4960, 0.5105, 0.4997],
         [0.4991, 0.4988, 0.5172, 0.5045],
         [0.5209, 0.5141, 0.5181, 0.5294],
         [0.5049, 0.5123, 0.5093, 0.5138],
         [0.5130, 0.5049, 0.5020, 0.5137],
         [0.5127, 0.5046, 0.5242, 0.5206],
         [0.5110, 0.5054, 0.5148, 0.5300]]], grad_fn=<SelectBackward0>), 'pred_obj_boxes': tensor([[[0.5393, 0.5175, 0.5041, 0.5296],
         [0.5207, 0.4994, 0.4948, 0.5221],
         [0.5501, 0.5068, 0.4863, 0.5163],
         [0.5426, 0.4745, 0.4733, 0.5211],
         [0.5340, 0.4812, 0.5022, 0.5193],
         [0.5307, 0.5004, 0.4886, 0.5071],
         [0.5383, 0.4904, 0.4964, 0.5344],
         [0.5198, 0.4920, 0.4939, 0.5141],
         [0.5386, 0.4942, 0.4936, 0.5083],
         [0.5425, 0.5036, 0.4842, 0.5032],
         [0.5351, 0.5046, 0.5028, 0.5185],
         [0.5270, 0.5132, 0.5050, 0.5029],
         [0.5204, 0.5075, 0.4778, 0.5000],
         [0.5678, 0.4777, 0.4815, 0.5196],
         [0.5319, 0.4953, 0.4992, 0.5131],
         [0.5367, 0.5108, 0.4932, 0.5150],
         [0.5506, 0.5090, 0.4997, 0.5210],
         [0.5455, 0.4939, 0.4738, 0.5213],
         [0.5275, 0.5166, 0.4993, 0.5114],
         [0.5404, 0.4886, 0.4746, 0.5044],
         [0.5411, 0.4937, 0.4843, 0.5152],
         [0.5328, 0.5037, 0.4944, 0.5175],
         [0.5363, 0.4795, 0.5039, 0.5169],
         [0.5514, 0.4996, 0.4697, 0.5059],
         [0.5404, 0.4974, 0.4976, 0.5243],
         [0.5490, 0.5025, 0.4947, 0.5079],
         [0.5175, 0.4971, 0.4935, 0.4942],
         [0.5427, 0.4764, 0.4900, 0.5196],
         [0.5312, 0.4879, 0.4996, 0.5108],
         [0.5439, 0.5103, 0.4862, 0.5201],
         [0.5337, 0.4906, 0.4949, 0.5096],
         [0.5515, 0.5021, 0.4960, 0.4975],
         [0.5253, 0.4823, 0.4948, 0.4981],
         [0.5326, 0.5023, 0.5018, 0.5204],
         [0.5473, 0.5053, 0.4908, 0.5073],
         [0.5292, 0.4879, 0.5014, 0.5083],
         [0.5379, 0.4804, 0.5062, 0.5093],
         [0.5220, 0.4881, 0.4824, 0.5084],
         [0.5454, 0.5031, 0.4890, 0.5141],
         [0.5379, 0.4852, 0.4943, 0.5207],
         [0.5368, 0.4906, 0.4851, 0.5278],
         [0.5451, 0.5079, 0.5046, 0.5217],
         [0.5313, 0.4903, 0.5025, 0.5142],
         [0.5391, 0.5024, 0.4870, 0.5212],
         [0.5330, 0.4734, 0.4886, 0.4963],
         [0.5527, 0.4912, 0.4716, 0.5049],
         [0.5311, 0.5148, 0.4939, 0.5063],
         [0.5260, 0.4690, 0.4702, 0.5084],
         [0.5506, 0.5087, 0.4804, 0.5161],
         [0.5428, 0.4917, 0.4981, 0.5240],
         [0.5403, 0.4967, 0.4862, 0.5194],
         [0.5384, 0.4877, 0.4851, 0.5283],
         [0.5353, 0.4904, 0.4988, 0.5127],
         [0.5287, 0.4873, 0.4864, 0.5030],
         [0.5503, 0.4802, 0.4881, 0.5120],
         [0.5179, 0.5009, 0.4930, 0.5016],
         [0.5498, 0.4949, 0.4928, 0.5006],
         [0.5522, 0.5000, 0.4882, 0.5161],
         [0.5489, 0.5052, 0.4830, 0.5135],
         [0.5462, 0.4996, 0.4985, 0.5243],
         [0.5344, 0.4980, 0.4963, 0.5194],
         [0.5507, 0.4720, 0.5144, 0.5154],
         [0.5304, 0.4873, 0.4915, 0.5193],
         [0.5410, 0.5035, 0.4999, 0.5213],
         [0.5482, 0.4949, 0.4930, 0.5093],
         [0.5389, 0.4827, 0.4739, 0.5180],
         [0.5433, 0.5140, 0.5018, 0.5220],
         [0.5367, 0.4807, 0.4827, 0.5126],
         [0.5376, 0.4804, 0.5059, 0.5258],
         [0.5497, 0.5110, 0.4997, 0.5210],
         [0.5319, 0.4946, 0.5015, 0.5213],
         [0.5233, 0.4918, 0.4903, 0.5091],
         [0.5441, 0.4845, 0.4817, 0.5162],
         [0.5544, 0.4761, 0.4886, 0.5272],
         [0.5401, 0.4998, 0.5074, 0.5121],
         [0.5329, 0.4719, 0.4911, 0.5296],
         [0.5608, 0.4792, 0.4982, 0.5214],
         [0.5336, 0.5021, 0.4789, 0.5041],
         [0.5342, 0.4829, 0.4902, 0.5129],
         [0.5310, 0.4872, 0.4970, 0.5235],
         [0.5392, 0.5021, 0.4913, 0.5052],
         [0.5499, 0.5105, 0.4869, 0.5128],
         [0.5394, 0.4898, 0.4974, 0.5097],
         [0.5330, 0.4905, 0.4854, 0.5133],
         [0.5554, 0.5083, 0.4809, 0.5265],
         [0.5392, 0.4743, 0.4922, 0.5124],
         [0.5335, 0.4792, 0.4842, 0.5086],
         [0.5443, 0.4888, 0.4910, 0.5099],
         [0.5360, 0.4984, 0.4978, 0.5140],
         [0.5389, 0.5165, 0.4950, 0.5099],
         [0.5437, 0.4987, 0.5004, 0.5149],
         [0.5381, 0.4886, 0.4930, 0.5069],
         [0.5325, 0.4748, 0.4843, 0.5058],
         [0.5333, 0.4866, 0.5006, 0.5375],
         [0.5234, 0.4989, 0.4884, 0.5120],
         [0.5318, 0.5075, 0.4920, 0.5147],
         [0.5534, 0.5020, 0.5006, 0.5251],
         [0.5409, 0.4937, 0.4803, 0.5366],
         [0.5283, 0.5030, 0.4883, 0.5054],
         [0.5489, 0.4581, 0.4862, 0.5143]]], grad_fn=<SelectBackward0>), 'pred_is_logits': tensor([[[0.3592, 0.4949],
         [0.6834, 1.1082],
         [0.4020, 0.6232],
         [0.4146, 0.6993],
         [0.3397, 0.8433],
         [0.7827, 0.5373],
         [0.0531, 0.5730],
         [0.2070, 1.0138],
         [0.6003, 0.5108],
         [0.5509, 0.6798],
         [0.6681, 0.9480],
         [0.5083, 0.6250],
         [0.8403, 0.5701],
         [0.7649, 0.7763],
         [0.2658, 0.3613],
         [0.5305, 0.4028],
         [0.4929, 0.6867],
         [0.2769, 0.3867],
         [0.2192, 1.1239],
         [0.4383, 1.1027],
         [0.3625, 1.3093],
         [0.5872, 0.5905],
         [0.9006, 0.8877],
         [0.5018, 0.9321],
         [0.3785, 0.8723],
         [0.2937, 0.9895],
         [0.7179, 0.8373],
         [0.3330, 0.7704],
         [0.6976, 0.9444],
         [0.0715, 0.5949],
         [0.0157, 0.7341],
         [0.7699, 0.8039],
         [0.4055, 0.7424],
         [0.6193, 0.5530],
         [0.4245, 0.7674],
         [0.4381, 1.1141],
         [0.3636, 0.9775],
         [0.0676, 0.9151],
         [0.6189, 0.5544],
         [0.2909, 0.6909],
         [0.2182, 0.4927],
         [0.5270, 1.1662],
         [0.6876, 0.8660],
         [0.5142, 0.5515],
         [0.5684, 0.6208],
         [0.4986, 0.9017],
         [0.1772, 0.5942],
         [0.3463, 0.6752],
         [0.4568, 0.6577],
         [0.7133, 0.3481],
         [0.3088, 0.7956],
         [0.0434, 0.4979],
         [0.3426, 0.8713],
         [0.6072, 0.8819],
         [0.6551, 0.6434],
         [0.3685, 0.5900],
         [0.9944, 0.4964],
         [0.4393, 1.2233],
         [0.1383, 1.0331],
         [0.2728, 0.6018],
         [0.6885, 0.5185],
         [0.5888, 0.9488],
         [0.6949, 0.6182],
         [0.9031, 0.6156],
         [0.7451, 0.3894],
         [0.9299, 0.7839],
         [0.5831, 0.4986],
         [0.6918, 1.0238],
         [0.1774, 0.9704],
         [0.7765, 0.8017],
         [0.6973, 0.8569],
         [0.7918, 0.6424],
         [0.5475, 0.5165],
         [0.4849, 0.8351],
         [0.4828, 0.4779],
         [0.6501, 0.7446],
         [0.4654, 0.8544],
         [0.3957, 1.1614],
         [0.3230, 0.3826],
         [0.2789, 0.6503],
         [0.3341, 0.7556],
         [0.3096, 1.2361],
         [0.7820, 1.4673],
         [0.1194, 0.9660],
         [0.2690, 1.0315],
         [0.5392, 1.0055],
         [0.3025, 0.4313],
         [0.8475, 0.8295],
         [0.2571, 0.8370],
         [0.1906, 0.7510],
         [0.6281, 0.6402],
         [0.2985, 0.9272],
         [0.4682, 0.2576],
         [0.5633, 0.7393],
         [0.9257, 0.5138],
         [0.5029, 0.6129],
         [0.2330, 0.7180],
         [0.2650, 0.5440],
         [0.5984, 0.9383],
         [0.1054, 0.6600]]], grad_fn=<SelectBackward0>), 'aux_outputs': [{'pred_obj_logits': tensor([[[ 0.7483, -0.3239,  0.2674,  ...,  0.6172,  0.2040, -0.0749],
         [ 0.7757, -0.0091,  0.3038,  ...,  0.2033,  0.1027, -0.1180],
         [ 1.2599,  0.0389,  0.4897,  ...,  0.5691,  0.0977,  0.2784],
         ...,
         [ 0.6923,  0.0750,  0.3679,  ...,  0.5956,  0.7697, -0.0461],
         [ 1.0323, -0.3265,  0.4813,  ...,  0.6287,  0.3639, -0.3295],
         [ 0.9408, -0.4134,  0.7632,  ...,  0.4411,  0.5716,  0.0724]]],
       grad_fn=<UnbindBackward0>), 'pred_verb_logits': tensor([[[-1.2004, -0.1512, -0.5597,  ..., -0.3668,  0.6690,  0.9962],
         [-0.8093,  0.0822, -0.3226,  ..., -0.0603,  0.1498,  0.7710],
         [-0.9632, -0.0653, -0.5952,  ..., -0.1407,  0.1994,  1.4902],
         ...,
         [-0.7170,  0.1220, -0.3613,  ..., -0.2900,  0.0421,  0.9043],
         [-0.3084, -0.1114, -0.2925,  ..., -0.1525,  0.4961,  1.0512],
         [-0.8354,  0.3830, -0.6389,  ..., -0.4368,  0.3481,  1.4491]]],
       grad_fn=<UnbindBackward0>), 'pred_sub_boxes': tensor([[[0.5108, 0.5154, 0.5205, 0.4958],
         [0.5098, 0.5027, 0.5065, 0.4926],
         [0.5136, 0.5060, 0.4914, 0.4990],
         [0.5040, 0.5080, 0.5074, 0.5047],
         [0.5221, 0.4939, 0.5135, 0.5160],
         [0.5140, 0.5114, 0.4996, 0.5132],
         [0.5007, 0.5079, 0.5123, 0.4906],
         [0.5184, 0.5187, 0.5016, 0.4959],
         [0.5258, 0.5061, 0.4947, 0.4925],
         [0.5137, 0.5222, 0.5115, 0.4967],
         [0.5088, 0.4998, 0.5117, 0.5027],
         [0.5331, 0.5103, 0.5023, 0.5022],
         [0.5306, 0.4997, 0.4993, 0.5052],
         [0.5102, 0.4958, 0.5141, 0.5049],
         [0.5337, 0.5076, 0.5066, 0.5082],
         [0.5224, 0.4876, 0.5227, 0.4975],
         [0.5134, 0.5170, 0.4960, 0.5064],
         [0.5133, 0.5041, 0.5129, 0.5175],
         [0.5114, 0.4896, 0.5077, 0.5046],
         [0.5245, 0.5053, 0.5064, 0.5106],
         [0.5265, 0.5138, 0.5012, 0.5158],
         [0.5236, 0.5173, 0.5055, 0.4936],
         [0.5150, 0.5227, 0.4944, 0.5154],
         [0.5104, 0.4860, 0.5005, 0.4957],
         [0.5177, 0.5104, 0.5253, 0.5032],
         [0.5306, 0.5042, 0.5114, 0.4962],
         [0.5151, 0.4924, 0.5090, 0.4917],
         [0.5183, 0.4922, 0.4930, 0.4900],
         [0.5024, 0.5085, 0.5098, 0.5018],
         [0.5244, 0.5227, 0.4999, 0.5026],
         [0.5202, 0.5067, 0.5072, 0.4920],
         [0.5263, 0.5126, 0.4859, 0.5017],
         [0.5166, 0.5079, 0.5079, 0.5055],
         [0.5079, 0.4985, 0.5135, 0.5084],
         [0.5138, 0.5100, 0.5049, 0.5119],
         [0.5107, 0.5092, 0.5169, 0.4984],
         [0.5044, 0.4995, 0.5032, 0.5163],
         [0.5148, 0.5086, 0.5081, 0.5266],
         [0.5012, 0.5138, 0.4950, 0.4977],
         [0.5104, 0.5043, 0.5075, 0.5155],
         [0.5084, 0.5072, 0.5111, 0.5026],
         [0.5127, 0.5074, 0.5209, 0.5072],
         [0.5086, 0.4940, 0.5067, 0.5020],
         [0.5142, 0.5037, 0.4978, 0.4989],
         [0.5129, 0.4834, 0.5096, 0.5137],
         [0.5256, 0.5013, 0.5076, 0.4910],
         [0.5243, 0.5052, 0.5055, 0.5012],
         [0.5035, 0.4915, 0.5045, 0.4972],
         [0.5104, 0.5076, 0.5016, 0.5028],
         [0.5111, 0.4968, 0.5166, 0.5010],
         [0.5108, 0.5082, 0.5096, 0.5050],
         [0.5170, 0.4949, 0.5138, 0.4988],
         [0.5081, 0.4979, 0.5063, 0.5006],
         [0.5268, 0.5133, 0.5107, 0.5025],
         [0.5239, 0.5031, 0.5166, 0.4941],
         [0.5279, 0.5104, 0.5014, 0.4902],
         [0.5269, 0.5141, 0.5236, 0.5077],
         [0.5126, 0.4840, 0.5045, 0.5093],
         [0.5231, 0.4992, 0.5062, 0.5037],
         [0.5006, 0.5007, 0.5153, 0.5042],
         [0.5118, 0.5034, 0.5123, 0.5026],
         [0.5355, 0.5032, 0.5069, 0.5138],
         [0.5146, 0.4984, 0.4977, 0.4917],
         [0.5097, 0.5013, 0.5209, 0.5094],
         [0.5252, 0.5008, 0.4987, 0.4994],
         [0.5245, 0.5061, 0.5009, 0.5061],
         [0.5063, 0.5018, 0.5000, 0.5147],
         [0.5109, 0.4948, 0.5021, 0.5045],
         [0.5123, 0.5189, 0.5116, 0.5071],
         [0.5044, 0.5107, 0.5094, 0.5158],
         [0.5093, 0.4978, 0.5107, 0.4980],
         [0.5156, 0.5084, 0.5017, 0.4971],
         [0.4985, 0.4857, 0.5107, 0.4890],
         [0.5210, 0.4906, 0.5121, 0.4953],
         [0.5192, 0.5030, 0.5120, 0.5029],
         [0.5097, 0.5082, 0.5131, 0.4862],
         [0.5177, 0.4912, 0.4947, 0.4962],
         [0.5082, 0.4918, 0.5000, 0.4894],
         [0.5175, 0.5103, 0.5089, 0.4949],
         [0.5149, 0.4842, 0.5083, 0.5041],
         [0.5090, 0.4997, 0.4958, 0.4920],
         [0.5196, 0.4971, 0.5220, 0.5056],
         [0.5127, 0.4938, 0.5125, 0.4999],
         [0.5131, 0.4919, 0.5189, 0.4935],
         [0.5138, 0.5086, 0.5199, 0.5089],
         [0.5019, 0.5191, 0.5151, 0.5148],
         [0.5196, 0.5104, 0.4985, 0.4941],
         [0.5118, 0.5038, 0.5153, 0.5130],
         [0.5051, 0.5040, 0.5110, 0.5047],
         [0.5190, 0.5068, 0.5015, 0.4948],
         [0.5035, 0.5200, 0.5119, 0.5043],
         [0.5186, 0.5214, 0.5032, 0.4956],
         [0.5074, 0.5144, 0.5050, 0.4941],
         [0.5222, 0.4963, 0.5009, 0.4886],
         [0.4972, 0.5133, 0.5082, 0.4927],
         [0.5137, 0.5198, 0.4971, 0.5034],
         [0.5286, 0.5126, 0.4961, 0.4900],
         [0.5299, 0.5026, 0.4965, 0.4883],
         [0.5063, 0.5040, 0.5156, 0.4998],
         [0.5136, 0.5062, 0.5136, 0.4971]]], grad_fn=<UnbindBackward0>), 'pred_obj_boxes': tensor([[[0.5213, 0.5045, 0.5330, 0.5259],
         [0.5049, 0.5143, 0.5165, 0.5161],
         [0.5154, 0.5059, 0.5198, 0.5199],
         [0.5106, 0.4874, 0.5156, 0.5180],
         [0.5235, 0.4879, 0.5197, 0.5170],
         [0.5274, 0.4958, 0.5176, 0.5141],
         [0.5193, 0.4890, 0.5100, 0.5197],
         [0.5119, 0.4925, 0.5313, 0.5187],
         [0.5193, 0.5011, 0.5214, 0.5163],
         [0.5332, 0.5104, 0.5297, 0.5020],
         [0.5172, 0.5072, 0.5302, 0.5157],
         [0.5216, 0.5107, 0.5165, 0.4997],
         [0.5143, 0.5098, 0.5158, 0.5150],
         [0.5254, 0.5062, 0.5321, 0.5195],
         [0.5252, 0.5102, 0.5257, 0.5210],
         [0.5089, 0.4982, 0.5179, 0.5128],
         [0.5119, 0.5093, 0.5213, 0.5268],
         [0.5138, 0.5053, 0.5207, 0.5183],
         [0.5077, 0.5187, 0.5135, 0.5262],
         [0.5136, 0.4974, 0.5239, 0.5128],
         [0.5326, 0.5158, 0.5282, 0.5216],
         [0.5173, 0.5087, 0.5232, 0.5194],
         [0.5344, 0.5199, 0.5242, 0.5396],
         [0.5275, 0.5116, 0.5149, 0.5160],
         [0.5182, 0.5097, 0.5283, 0.5220],
         [0.5239, 0.4971, 0.5141, 0.5206],
         [0.5162, 0.5041, 0.5259, 0.5004],
         [0.5153, 0.4941, 0.5043, 0.5157],
         [0.5164, 0.5009, 0.5159, 0.5162],
         [0.5028, 0.4986, 0.5290, 0.5178],
         [0.5166, 0.5117, 0.5211, 0.5111],
         [0.5147, 0.5067, 0.5261, 0.5149],
         [0.5235, 0.5030, 0.5381, 0.5004],
         [0.5194, 0.4955, 0.5433, 0.5189],
         [0.5229, 0.5205, 0.5373, 0.5272],
         [0.5226, 0.5030, 0.5200, 0.5102],
         [0.5226, 0.5131, 0.5369, 0.5065],
         [0.5171, 0.5204, 0.5233, 0.5191],
         [0.5155, 0.5156, 0.5319, 0.5115],
         [0.5274, 0.5058, 0.5152, 0.5115],
         [0.5304, 0.4992, 0.5262, 0.5325],
         [0.5279, 0.5175, 0.5473, 0.5259],
         [0.5327, 0.4925, 0.5247, 0.5210],
         [0.5186, 0.4968, 0.5104, 0.5224],
         [0.5331, 0.4893, 0.5264, 0.5056],
         [0.5196, 0.4945, 0.5260, 0.5124],
         [0.5139, 0.5080, 0.5214, 0.5159],
         [0.5202, 0.4895, 0.5095, 0.5209],
         [0.5207, 0.5025, 0.5253, 0.5174],
         [0.5259, 0.5075, 0.5235, 0.5332],
         [0.5203, 0.4907, 0.5119, 0.5067],
         [0.5280, 0.4992, 0.5251, 0.5199],
         [0.5203, 0.5093, 0.5204, 0.5174],
         [0.5127, 0.4961, 0.5332, 0.5229],
         [0.5217, 0.4827, 0.5132, 0.5130],
         [0.5084, 0.5068, 0.5202, 0.5084],
         [0.5190, 0.5101, 0.5312, 0.5032],
         [0.5257, 0.5166, 0.5337, 0.5173],
         [0.5242, 0.5080, 0.5306, 0.5116],
         [0.5200, 0.5156, 0.5368, 0.5353],
         [0.5089, 0.5089, 0.5242, 0.5148],
         [0.5145, 0.4858, 0.5259, 0.5122],
         [0.5182, 0.4930, 0.5154, 0.5341],
         [0.5180, 0.5146, 0.5296, 0.5240],
         [0.5269, 0.5105, 0.5245, 0.5191],
         [0.5248, 0.5092, 0.5163, 0.5013],
         [0.5163, 0.4978, 0.5183, 0.5132],
         [0.5294, 0.4904, 0.5182, 0.5101],
         [0.5116, 0.5009, 0.5300, 0.5237],
         [0.5207, 0.5218, 0.5084, 0.5229],
         [0.5172, 0.4887, 0.5239, 0.5355],
         [0.5134, 0.5029, 0.5332, 0.5070],
         [0.5175, 0.5111, 0.5089, 0.5289],
         [0.5130, 0.4777, 0.5277, 0.5136],
         [0.5128, 0.5039, 0.5252, 0.5178],
         [0.5256, 0.4895, 0.5111, 0.5315],
         [0.5233, 0.5191, 0.5212, 0.5270],
         [0.5262, 0.4953, 0.5106, 0.5135],
         [0.5237, 0.5117, 0.5282, 0.5150],
         [0.5157, 0.4937, 0.5259, 0.5237],
         [0.5219, 0.4962, 0.5138, 0.4996],
         [0.5294, 0.5041, 0.5291, 0.5129],
         [0.5168, 0.5010, 0.5134, 0.5217],
         [0.5192, 0.4862, 0.5290, 0.5271],
         [0.5163, 0.5118, 0.5290, 0.5150],
         [0.5118, 0.5010, 0.5281, 0.5115],
         [0.5264, 0.4955, 0.5344, 0.5228],
         [0.5169, 0.5116, 0.5220, 0.5064],
         [0.5079, 0.4992, 0.5188, 0.5144],
         [0.5130, 0.5085, 0.5090, 0.5042],
         [0.5251, 0.5155, 0.5412, 0.5163],
         [0.5081, 0.4908, 0.5270, 0.5021],
         [0.5193, 0.5075, 0.5083, 0.5118],
         [0.5154, 0.5177, 0.5218, 0.5129],
         [0.5020, 0.4870, 0.5282, 0.5164],
         [0.5157, 0.5147, 0.5218, 0.5158],
         [0.5361, 0.4934, 0.5149, 0.5102],
         [0.5128, 0.5198, 0.5084, 0.5209],
         [0.5182, 0.5098, 0.5289, 0.5174],
         [0.5170, 0.5094, 0.5261, 0.5229]]], grad_fn=<UnbindBackward0>), 'pred_is_logits': tensor([[[ 0.2005,  0.2752],
         [ 0.3549,  0.5836],
         [ 0.1408,  0.5598],
         [-0.1557,  0.7302],
         [ 0.0903,  0.4617],
         [ 0.0789,  0.6208],
         [-0.3356,  0.5391],
         [ 0.1022,  0.2738],
         [ 0.1282,  0.4558],
         [ 0.0111,  0.3890],
         [-0.1354,  0.4763],
         [ 0.0783,  0.3276],
         [ 0.5158,  0.5324],
         [ 0.4686,  0.7244],
         [ 0.3986,  0.4731],
         [ 0.1126,  0.3026],
         [ 0.3721,  0.0485],
         [ 0.4192,  0.1714],
         [ 1.0808,  0.0891],
         [ 0.2145,  0.5615],
         [ 0.5239,  0.6821],
         [-0.0997,  0.2953],
         [ 0.6195,  0.0947],
         [ 0.2383,  0.1669],
         [-0.1262,  0.0690],
         [ 0.1257,  0.4190],
         [ 0.2384,  0.4326],
         [ 0.1015,  0.2160],
         [-0.0686,  0.3382],
         [-0.1805,  0.0383],
         [-0.0481,  0.2027],
         [ 0.1838,  0.5305],
         [ 0.0881,  0.3104],
         [-0.2815,  0.4807],
         [ 0.2942,  0.4020],
         [-0.1521,  0.3478],
         [ 0.1829,  0.5925],
         [ 0.1005,  0.2072],
         [ 0.2685,  0.2362],
         [-0.2339,  0.4322],
         [ 0.2137,  0.3043],
         [ 0.1728,  0.5438],
         [-0.1815,  0.1868],
         [ 0.0757,  0.0138],
         [ 0.4409,  0.0140],
         [-0.0102,  0.1748],
         [-0.2605,  0.6351],
         [ 0.0730,  0.4087],
         [-0.1671,  0.2934],
         [ 0.7074,  0.4015],
         [-0.1926,  0.4321],
         [ 0.2527, -0.0318],
         [ 0.0552,  0.3207],
         [ 0.2890,  0.1342],
         [ 0.1294,  0.2028],
         [ 0.2096,  0.3499],
         [ 0.6261,  0.3871],
         [ 0.4771,  0.3978],
         [-0.4836,  0.3825],
         [ 0.0491,  0.2480],
         [-0.0964,  0.4840],
         [ 0.1882,  0.5841],
         [ 0.0476,  0.5300],
         [-0.0835,  0.2346],
         [ 0.4926,  0.4156],
         [ 0.1629,  0.2411],
         [ 0.5481,  0.2666],
         [ 0.4893,  0.4768],
         [ 0.1817,  0.3675],
         [ 0.0334,  0.6636],
         [ 0.0852,  0.3927],
         [ 0.5397,  0.2446],
         [-0.0468,  0.4147],
         [-0.3121,  0.7815],
         [ 0.3990,  0.1579],
         [ 0.7151,  0.4495],
         [ 0.0767,  0.7263],
         [ 0.4006,  0.4767],
         [ 0.6183,  0.1492],
         [ 0.3807,  0.4987],
         [ 0.3874,  0.4663],
         [ 0.4483,  0.5933],
         [-0.1140,  0.7338],
         [-0.0201,  0.2856],
         [ 0.3287,  0.5930],
         [ 0.5301,  0.5761],
         [-0.1376,  0.5721],
         [ 0.3643,  0.3101],
         [ 0.3717,  0.2911],
         [ 0.1411,  0.7145],
         [ 0.4113,  0.0088],
         [ 0.2726,  0.6305],
         [ 0.2807, -0.0285],
         [ 0.4996,  0.3946],
         [ 0.5496,  0.1608],
         [ 0.2176,  0.4395],
         [ 0.0575,  0.3877],
         [ 0.0308,  0.1895],
         [ 0.4325,  0.3119],
         [ 0.2893,  0.4723]]], grad_fn=<UnbindBackward0>)}, {'pred_obj_logits': tensor([[[ 0.4586, -0.5494, -0.3754,  ...,  0.9138, -0.0223,  0.8826],
         [-0.0165,  0.0695, -0.0738,  ...,  0.8282, -0.4831,  0.7633],
         [ 0.5224, -0.1260, -0.2320,  ...,  1.3191, -0.3806,  1.2747],
         ...,
         [-0.0315, -0.0917, -0.0616,  ...,  1.2954,  0.2496,  1.2285],
         [ 0.4626, -0.1917, -0.1262,  ...,  1.0718, -0.0255,  1.1363],
         [-0.1491, -0.2607,  0.1228,  ...,  1.0557,  0.3955,  0.9290]]],
       grad_fn=<UnbindBackward0>), 'pred_verb_logits': tensor([[[-0.7662,  0.3929,  0.3230,  ..., -0.1755,  0.5462,  0.9342],
         [-0.5244,  0.7059,  0.3162,  ..., -0.3904,  0.2353,  0.6814],
         [-0.4487,  0.5099,  0.4030,  ..., -0.1832,  0.5244,  1.4054],
         ...,
         [-0.6980,  0.6982,  0.1056,  ..., -0.6864,  0.2060,  1.1094],
         [-0.0737,  0.5018,  0.2514,  ..., -0.3785,  0.6657,  0.7440],
         [-0.6673,  0.8845, -0.1942,  ..., -0.4798,  0.2625,  0.9707]]],
       grad_fn=<UnbindBackward0>), 'pred_sub_boxes': tensor([[[0.5140, 0.5004, 0.5121, 0.5254],
         [0.5136, 0.4963, 0.5230, 0.5299],
         [0.5118, 0.5059, 0.5230, 0.5368],
         [0.5241, 0.5049, 0.5176, 0.5361],
         [0.5408, 0.5023, 0.5200, 0.5201],
         [0.5294, 0.5141, 0.4982, 0.5342],
         [0.5040, 0.5070, 0.5137, 0.5359],
         [0.5174, 0.5042, 0.5065, 0.5310],
         [0.5257, 0.5092, 0.5050, 0.5362],
         [0.5037, 0.5024, 0.5050, 0.5174],
         [0.5182, 0.4893, 0.5150, 0.5323],
         [0.5232, 0.5016, 0.5101, 0.5336],
         [0.5309, 0.4914, 0.4919, 0.5414],
         [0.5249, 0.4900, 0.4972, 0.5335],
         [0.5362, 0.5013, 0.5009, 0.5242],
         [0.5191, 0.4796, 0.5242, 0.5165],
         [0.5265, 0.4997, 0.5009, 0.5483],
         [0.5153, 0.4959, 0.5105, 0.5403],
         [0.5240, 0.5029, 0.5112, 0.5211],
         [0.5326, 0.4890, 0.5156, 0.5274],
         [0.5178, 0.5105, 0.5095, 0.5291],
         [0.5429, 0.4935, 0.5008, 0.5254],
         [0.5260, 0.4960, 0.5208, 0.5167],
         [0.5147, 0.4880, 0.5008, 0.5333],
         [0.5269, 0.5064, 0.5045, 0.5273],
         [0.5262, 0.5142, 0.5099, 0.5152],
         [0.5189, 0.4884, 0.5195, 0.5325],
         [0.5165, 0.4857, 0.5086, 0.5212],
         [0.5195, 0.4933, 0.5141, 0.5302],
         [0.5164, 0.4929, 0.5058, 0.5174],
         [0.5267, 0.5062, 0.5042, 0.5243],
         [0.5281, 0.4982, 0.5022, 0.5316],
         [0.5196, 0.4955, 0.5083, 0.5215],
         [0.5305, 0.5029, 0.5155, 0.5225],
         [0.5076, 0.5038, 0.5201, 0.5357],
         [0.5237, 0.5025, 0.5185, 0.5216],
         [0.5111, 0.4938, 0.5153, 0.5232],
         [0.5026, 0.4987, 0.5158, 0.5250],
         [0.5096, 0.5023, 0.5040, 0.5316],
         [0.5052, 0.4982, 0.5034, 0.5330],
         [0.5180, 0.4997, 0.5114, 0.5164],
         [0.5233, 0.4960, 0.5069, 0.5404],
         [0.5145, 0.4789, 0.5119, 0.5045],
         [0.5205, 0.4894, 0.5139, 0.5190],
         [0.5167, 0.4753, 0.5089, 0.5237],
         [0.5291, 0.4974, 0.5108, 0.5268],
         [0.5248, 0.4975, 0.4981, 0.5178],
         [0.5234, 0.4871, 0.4933, 0.5095],
         [0.5154, 0.4885, 0.5224, 0.5279],
         [0.5269, 0.4914, 0.5024, 0.5292],
         [0.5134, 0.4988, 0.5308, 0.5238],
         [0.5162, 0.5038, 0.5229, 0.5254],
         [0.5030, 0.4988, 0.5220, 0.5299],
         [0.5147, 0.4912, 0.5198, 0.5198],
         [0.5125, 0.4942, 0.5121, 0.5229],
         [0.5287, 0.4930, 0.5042, 0.5243],
         [0.5263, 0.4922, 0.5123, 0.5280],
         [0.5062, 0.4794, 0.5196, 0.5339],
         [0.5059, 0.5109, 0.5167, 0.5215],
         [0.5071, 0.5051, 0.5307, 0.5341],
         [0.5143, 0.4977, 0.5144, 0.5343],
         [0.5327, 0.4896, 0.5173, 0.5352],
         [0.5045, 0.5071, 0.4995, 0.5426],
         [0.5075, 0.4901, 0.5307, 0.5448],
         [0.5121, 0.4860, 0.5202, 0.5368],
         [0.5173, 0.4912, 0.5126, 0.5201],
         [0.5170, 0.4941, 0.5043, 0.5451],
         [0.5097, 0.4916, 0.5155, 0.5261],
         [0.5175, 0.4992, 0.5159, 0.5253],
         [0.5163, 0.5047, 0.5162, 0.5356],
         [0.5066, 0.4869, 0.5114, 0.5296],
         [0.5181, 0.4972, 0.5094, 0.5275],
         [0.5183, 0.4734, 0.5161, 0.5169],
         [0.5124, 0.4972, 0.5220, 0.5272],
         [0.5202, 0.4946, 0.5131, 0.5263],
         [0.5265, 0.4961, 0.4933, 0.5137],
         [0.5082, 0.4932, 0.4994, 0.5209],
         [0.5134, 0.4802, 0.4991, 0.5100],
         [0.5196, 0.4849, 0.5082, 0.5258],
         [0.5198, 0.4852, 0.5206, 0.5233],
         [0.5047, 0.4796, 0.5289, 0.5188],
         [0.5070, 0.4972, 0.5118, 0.5427],
         [0.5156, 0.4957, 0.5127, 0.5355],
         [0.5331, 0.4959, 0.5151, 0.5286],
         [0.5204, 0.4944, 0.5064, 0.5279],
         [0.5185, 0.5060, 0.5184, 0.5227],
         [0.5163, 0.4934, 0.4984, 0.5213],
         [0.5037, 0.5006, 0.5107, 0.5352],
         [0.5161, 0.5011, 0.5102, 0.5337],
         [0.5100, 0.5049, 0.5027, 0.5189],
         [0.5186, 0.5067, 0.5102, 0.5297],
         [0.5230, 0.5107, 0.5235, 0.5167],
         [0.5243, 0.4935, 0.5048, 0.5300],
         [0.5193, 0.4988, 0.4990, 0.5249],
         [0.5007, 0.5002, 0.5174, 0.5176],
         [0.5270, 0.4980, 0.5146, 0.5377],
         [0.5232, 0.4994, 0.5002, 0.5149],
         [0.5252, 0.5115, 0.5035, 0.5227],
         [0.4979, 0.5098, 0.5096, 0.5426],
         [0.5216, 0.4983, 0.5217, 0.5364]]], grad_fn=<UnbindBackward0>), 'pred_obj_boxes': tensor([[[0.5140, 0.5017, 0.4836, 0.5331],
         [0.4931, 0.4989, 0.4879, 0.5288],
         [0.5306, 0.4909, 0.4874, 0.5212],
         [0.5181, 0.4898, 0.4827, 0.5196],
         [0.5208, 0.4861, 0.4969, 0.5300],
         [0.5349, 0.5018, 0.4877, 0.5230],
         [0.5151, 0.4971, 0.4793, 0.5292],
         [0.5093, 0.5082, 0.4834, 0.5316],
         [0.5264, 0.5049, 0.4814, 0.5222],
         [0.5390, 0.5124, 0.4913, 0.5093],
         [0.5250, 0.4957, 0.4825, 0.5382],
         [0.5205, 0.5031, 0.4875, 0.5163],
         [0.5149, 0.5090, 0.4905, 0.5242],
         [0.5258, 0.4928, 0.4929, 0.5277],
         [0.5204, 0.4949, 0.4869, 0.5404],
         [0.5238, 0.5017, 0.4811, 0.5208],
         [0.5321, 0.5083, 0.4865, 0.5300],
         [0.5211, 0.4949, 0.4765, 0.5280],
         [0.5141, 0.5054, 0.4871, 0.5213],
         [0.5134, 0.4850, 0.4841, 0.5209],
         [0.5326, 0.4963, 0.4691, 0.5241],
         [0.5217, 0.4975, 0.4817, 0.5251],
         [0.5361, 0.5030, 0.4949, 0.5319],
         [0.5295, 0.5023, 0.4716, 0.5281],
         [0.5193, 0.5059, 0.4876, 0.5380],
         [0.5318, 0.4948, 0.4876, 0.5317],
         [0.4981, 0.4991, 0.4860, 0.5161],
         [0.5213, 0.4885, 0.4740, 0.5286],
         [0.5035, 0.4938, 0.4871, 0.5186],
         [0.5080, 0.5036, 0.4931, 0.5343],
         [0.5188, 0.5029, 0.4892, 0.5165],
         [0.5265, 0.4886, 0.4910, 0.5169],
         [0.5249, 0.5029, 0.4877, 0.5167],
         [0.5200, 0.4943, 0.4750, 0.5241],
         [0.5322, 0.5079, 0.4956, 0.5241],
         [0.5341, 0.4832, 0.4916, 0.5341],
         [0.5303, 0.5012, 0.4934, 0.5256],
         [0.5240, 0.4947, 0.4822, 0.5159],
         [0.5166, 0.4975, 0.4791, 0.5252],
         [0.5304, 0.5052, 0.4863, 0.5213],
         [0.5269, 0.4877, 0.4892, 0.5377],
         [0.5319, 0.5158, 0.4999, 0.5303],
         [0.5129, 0.5040, 0.4819, 0.5200],
         [0.5238, 0.5049, 0.4991, 0.5253],
         [0.5316, 0.4852, 0.4899, 0.5219],
         [0.5416, 0.4957, 0.4762, 0.5192],
         [0.5223, 0.5035, 0.4869, 0.5205],
         [0.5317, 0.4806, 0.4767, 0.5324],
         [0.5454, 0.5123, 0.4746, 0.5229],
         [0.5262, 0.4944, 0.4828, 0.5424],
         [0.5227, 0.4992, 0.4723, 0.5258],
         [0.5231, 0.4959, 0.4791, 0.5286],
         [0.5201, 0.5116, 0.4891, 0.5236],
         [0.5164, 0.5002, 0.4883, 0.5307],
         [0.5336, 0.4773, 0.4781, 0.5192],
         [0.5111, 0.5013, 0.4907, 0.5220],
         [0.5198, 0.5006, 0.4972, 0.5333],
         [0.5213, 0.5048, 0.4886, 0.5332],
         [0.5418, 0.5064, 0.4829, 0.5182],
         [0.5284, 0.4969, 0.4853, 0.5178],
         [0.5080, 0.5015, 0.4851, 0.5251],
         [0.5122, 0.4845, 0.4908, 0.5283],
         [0.5217, 0.4984, 0.4749, 0.5229],
         [0.5166, 0.5058, 0.4909, 0.5175],
         [0.5360, 0.5086, 0.4865, 0.5290],
         [0.5202, 0.5064, 0.4903, 0.5332],
         [0.5372, 0.5096, 0.4827, 0.5391],
         [0.5246, 0.4924, 0.4810, 0.5326],
         [0.5166, 0.5018, 0.4855, 0.5414],
         [0.5175, 0.5122, 0.4830, 0.5199],
         [0.5142, 0.4995, 0.4989, 0.5367],
         [0.5084, 0.4746, 0.4933, 0.5257],
         [0.5402, 0.4961, 0.4604, 0.5240],
         [0.5186, 0.5086, 0.4896, 0.5343],
         [0.5337, 0.4903, 0.4981, 0.5382],
         [0.5220, 0.4975, 0.4718, 0.5355],
         [0.5384, 0.5058, 0.4832, 0.5327],
         [0.5282, 0.4938, 0.4756, 0.5175],
         [0.5199, 0.4965, 0.4810, 0.5225],
         [0.5268, 0.4999, 0.4909, 0.5313],
         [0.5182, 0.4920, 0.4658, 0.5308],
         [0.5442, 0.4965, 0.4954, 0.5162],
         [0.5316, 0.4937, 0.4721, 0.5200],
         [0.5157, 0.5030, 0.4895, 0.5368],
         [0.5295, 0.4999, 0.4789, 0.5345],
         [0.5259, 0.5012, 0.4883, 0.5190],
         [0.5263, 0.4689, 0.4816, 0.5262],
         [0.5300, 0.5169, 0.4807, 0.5164],
         [0.5048, 0.5020, 0.4830, 0.5103],
         [0.5308, 0.5133, 0.4727, 0.5166],
         [0.5294, 0.5022, 0.4893, 0.5232],
         [0.5244, 0.5008, 0.5036, 0.5240],
         [0.5129, 0.4963, 0.4823, 0.5127],
         [0.5158, 0.4976, 0.4900, 0.5206],
         [0.5017, 0.5003, 0.4850, 0.5273],
         [0.5244, 0.5002, 0.4839, 0.5217],
         [0.5250, 0.5112, 0.4825, 0.5156],
         [0.5251, 0.5095, 0.4807, 0.5328],
         [0.5227, 0.5087, 0.4876, 0.5202],
         [0.5359, 0.4935, 0.4669, 0.5350]]], grad_fn=<UnbindBackward0>), 'pred_is_logits': tensor([[[-0.1624,  0.4143],
         [-0.2018,  0.8981],
         [-0.3014,  0.4263],
         [-0.5502,  0.6066],
         [-0.2278,  0.5299],
         [ 0.0012,  0.2258],
         [-0.4852,  0.7427],
         [-0.2895,  0.3370],
         [-0.1290,  0.5108],
         [ 0.3215,  0.6036],
         [-0.1024,  0.5481],
         [-0.1534,  0.4578],
         [ 0.2780,  0.4727],
         [ 0.2584,  0.4887],
         [-0.3464,  0.4412],
         [-0.0871,  0.1739],
         [-0.1510,  0.3499],
         [-0.4075,  0.3725],
         [ 0.3420,  0.5206],
         [-0.1191,  0.7455],
         [ 0.0047,  0.7299],
         [-0.1514,  0.3522],
         [ 0.4668,  0.2468],
         [-0.1150,  0.8251],
         [-0.1597,  0.2972],
         [-0.4184,  0.7210],
         [ 0.0066,  0.8181],
         [-0.2238,  0.3831],
         [ 0.0513,  0.7814],
         [-0.4570,  0.1724],
         [-0.4968,  0.2693],
         [-0.0132,  0.4111],
         [-0.2237,  0.4269],
         [-0.4772,  0.6451],
         [-0.1214,  0.3038],
         [-0.2522,  0.9501],
         [-0.4489,  0.8803],
         [-0.4098,  0.2431],
         [-0.1585,  0.4431],
         [-0.1635,  0.4119],
         [ 0.0235,  0.1237],
         [-0.1853,  0.8260],
         [-0.1487,  0.4599],
         [-0.2302,  0.5259],
         [ 0.3836,  0.1044],
         [-0.4787,  0.3846],
         [-0.5542,  0.4830],
         [-0.2484,  0.4181],
         [-0.1671,  0.3163],
         [ 0.4602,  0.2116],
         [-0.4393,  0.6118],
         [ 0.0440,  0.3585],
         [-0.2896,  0.6197],
         [-0.1827,  0.5600],
         [ 0.0876,  0.0315],
         [-0.1353,  0.5580],
         [ 0.6717,  0.4799],
         [-0.1626,  0.5917],
         [-0.5412,  0.7521],
         [-0.1650,  0.3026],
         [-0.1490,  0.6085],
         [-0.1772,  0.6190],
         [ 0.0502,  0.6753],
         [-0.0642,  0.2657],
         [ 0.3013,  0.4955],
         [ 0.1486,  0.5115],
         [ 0.1041,  0.3546],
         [ 0.2300,  0.7498],
         [-0.2422,  0.8874],
         [-0.0626,  0.2846],
         [-0.0111,  0.6638],
         [ 0.3881,  0.3360],
         [-0.1024,  0.5634],
         [-0.4980,  0.7232],
         [ 0.1312,  0.2770],
         [ 0.2917,  0.1453],
         [ 0.0913,  1.0215],
         [-0.0651,  0.7298],
         [-0.4196,  0.2893],
         [-0.0534,  0.4501],
         [-0.1242,  0.4810],
         [-0.0709,  0.5532],
         [-0.0579,  1.0441],
         [-0.5211,  0.7513],
         [ 0.0934,  0.8007],
         [ 0.1838,  0.7634],
         [-0.6002,  0.7749],
         [-0.0304,  0.5181],
         [-0.0481,  0.4519],
         [-0.4586,  0.5959],
         [-0.0957,  0.1846],
         [-0.4761,  0.4853],
         [-0.1361,  0.2418],
         [-0.1721,  0.2567],
         [ 0.5123,  0.1655],
         [ 0.2316,  0.3578],
         [-0.5594,  0.3661],
         [-0.4883,  0.2901],
         [ 0.2619,  0.4916],
         [-0.4913,  0.4695]]], grad_fn=<UnbindBackward0>)}]}